-32 -66 -64 -71 -49 88 -27 -98 -59 -86 -54 -91 -7 -39 -96 -22 37 -50 -8 -76 -40 -3 -18 -35 57 -31 -12 -95 -72 -44 -63 -82 -99 -58 -100 -87 -68 -11 -43 -26 -75 -4 -36 -23 -90 -79 -19 -62 -51 2 -83 -94 -15 -30 -47 -42 -5 -84 -10 -69 -25 81 -20 -52 -93 -29 -74 -78 -89 -46 -1 -61 67 -14 -21 -16 -33 -48 -85 -38 -9 -70 55 -53 -97 -80 -65 -6 -34 -13 -41 -24 -56 -77 -92 -17 -60 -45 -28 -73
-32 -66 -64 -71 -49 -27 -98 -59 -86 -54 -91 -7 -39 -96 -81 -22 -50 -8 -76 -40 20 -3 -18 -35 -31 -12 -67 -95 -72 -44 -63 -82 -99 -58 -100 -87 -68 -43 -26 21 -4 -36 -23 -55 -90 -79 -19 -51 -83 -94 -15 -30 -47 -42 -5 -84 -10 -69 -25 -37 -52 -93 -29 -74 -57 48 -78 -89 -46 -1 -61 -14 11 -16 -33 -85 -38 -9 -70 -53 75 -97 -80 -65 -6 -34 -13 -41 -24 -56 -77 -92 -2 -17 -60 -45 -28 62 -73 -88
-32 -66 -71 -49 -27 -98 -59 -86 -54 -91 42 -7 -39 -96 -81 -22 -50 -8 -40 -3 -18 -35 -31 -12 -67 -95 -72 -44 -63 -82 -99 -58 -100 -68 -11 -43 -26 -4 -36 -23 -55 -90 -79 -19 -62 -51 -83 -94 -15 -30 45 64 17 -47 -5 -84 -10 -69 -25 -20 76 -37 -52 -93 -29 -74 -57 -78 -89 -46 -1 -61 -14 -21 -16 -33 -48 87 -85 -38 -9 -70 -53 75 -97 -80 -65 -6 -34 -13 -41 -24 -56 -77 -92 -2 -60 -28 -73 -88
-32 -66 -64 -71 -49 -27 -98 -59 -86 -54 -91 -7 -39 -96 -22 -50 -8 -40 -3 -18 -35 -31 -12 84 -67 -95 -72 -44 -63 -82 -99 -58 -100 -87 -68 -11 -43 -75 -4 -36 -23 -55 -90 -79 -19 -62 -51 -83 -94 -15 -30 45 17 -47 -42 -5 -10 -69 -25 81 -20 76 -37 -52 -93 -29 -74 -57 -78 -89 -46 -1 -61 -14 -21 -16 -33 -48 -85 -38 -9 -70 26 -53 -97 -80 -65 -6 -34 -13 -41 -24 -56 -77 -92 -2 -60 -28 -73 -88
-66 -64 -71 -49 -27 -98 -59 -86 -54 -91 -7 -39 -96 -81 -22 -50 -8 -76 -40 -35 -31 -12 -67 -95 -72 -44 -63 -82 -99 -58 -100 -87 -68 -11 -43 -26 21 -75 -4 -36 -23 -55 -90 -79 -19 -62 -51 -83 -94 -15 32 17 -47 -42 -5 -84 -10 -69 -25 -20 -37 -52 -93 -29 -74 3 -57 -78 -89 18 -46 -1 -61 -14 -16 -33 -48 -85 -38 -9 -70 -53 -97 -80 -65 -6 -34 -13 30 -41 -24 -56 -77 -92 -2 -60 -45 -28 -73 -88
-32 -66 -64 -71 -49 -27 -98 -59 -86 -54 -91 -7 -39 -96 -81 -22 37 -50 -8 -76 -40 46 -35 -31 -12 -67 -95 -72 -44 -63 -82 -99 -58 -100 -87 -68 -11 -43 -26 33 -75 -4 -36 -23 -55 -90 -79 -19 -62 -51 -83 -94 -15 -30 -47 -42 -5 -84 -10 -69 -25 -20 -52 -93 -29 -74 3 -57 -78 -89 18 -1 -61 -14 -21 -16 -48 -85 -38 -9 -70 -53 -97 -80 -65 -6 -34 -13 -41 -24 -56 -77 -92 -2 -17 -60 -45 -28 -73 -88
-32 -66 -64 -71 -49 -27 -98 -59 -86 -54 -91 -7 -39 -96 -81 -22 -50 -8 -40 93 -3 -18 -35 -31 -12 -67 -95 61 -44 -63 -82 -99 -58 -100 -87 -68 -11 -43 -26 -75 -4 -36 -23 -55 -90 -79 -19 -62 -51 73 -83 -94 -15 -30 -47 -42 -5 -84 -10 -69 -25 -20 76 -37 -52 -29 -74 -57 -78 -89 -46 -1 -14 -21 72 -16 -33 -48 -85 -38 -9 -70 -53 -97 -80 -65 -6 -34 -13 -41 -24 -56 -77 -92 -2 -17 -60 -45 -28 -88
-32 -66 -64 -71 -49 88 -27 -98 -86 -54 -91 -7 -39 -96 -81 -22 -50 -8 -76 -40 20 -3 -18 -35 -31 -12 -67 -95 -72 -44 -63 -82 -99 -58 -100 -87 -68 -11 -26 21 -75 -4 -36 -23 -55 -90 -79 -19 -62 -51 -83 -94 -15 -47 -42 -5 59 -84 -10 -69 -25 -37 -52 -93 -29 -74 -57 -78 -89 -46 -1 -61 -14 -16 -33 43 -48 -85 -38 -9 -70 -53 -97 -80 -65 -6 -34 -13 30 -41 -24 -56 -77 -92 -2 -17 -60 -45 -28 -73
-32 -66 -64 -71 -49 -27 -98 -59 -86 -54 -91 -7 -39 -96 -22 37 -50 -8 -76 -40 -3 -18 -35 -31 -12 -95 -72 -44 -63 -82 -58 -100 -87 -68 -11 -43 -26 -75 -4 -36 -23 9 -55 -90 -79 -19 -62 -51 -83 -94 -15 -30 -47 -42 -5 -84 -10 -69 -25 81 -20 -52 -93 -29 -74 -57 -78 -89 -46 -1 -61 67 -14 -21 -16 -33 -48 99 -85 -38 -70 -53 -97 -80 -65 -6 -34 -13 -41 -24 -56 -77 -92 -2 -17 -60 -45 -28 -73 -88
-32 -66 -64 -71 -49 -98 -59 -86 -54 -91 -7 -39 -96 -81 -22 -50 -8 -76 -40 -3 -18 -35 -31 -95 -72 -44 -63 -82 -99 -58 -100 -87 -68 -43 -26 21 -75 -4 -36 -23 -55 -90 -19 -62 -51 -83 -94 -15 -30 -47 -42 -5 27 12 -84 -10 -69 -25 -20 -37 -52 -93 -29 -74 -57 48 -78 -89 -46 -1 -61 67 -14 11 -16 -33 -85 -38 -9 -70 -53 -97 -80 -65 -6 -34 -13 -41 -24 79 -56 -77 -92 -2 -17 -60 -45 -28 -73 -88
-32 -66 -64 -71 -49 88 -27 -98 -86 -54 -91 -7 -39 -96 -81 -22 37 -50 -8 -76 -40 -3 -18 -35 -31 -12 -67 -95 -72 -44 -63 -82 -99 -58 -100 -87 -68 -11 -43 -26 21 -4 -36 -23 -55 -90 -79 -19 -62 -51 2 -83 -94 -15 -30 -47 -42 -5 59 -84 -10 -69 -25 -20 -52 -93 -29 -74 -57 -78 -89 -46 -1 -61 -14 -16 -33 -48 -85 -38 -9 -70 -53 75 -97 -80 -65 -6 -34 -13 -41 -24 -56 -77 -92 -17 -60 -45 -28 -73
-32 -66 -71 -49 -27 -98 -59 -86 -54 -91 42 -7 -39 -96 -81 -22 -50 -8 -40 -3 -18 -35 57 -31 -12 -67 -95 -72 -44 -63 -82 -99 -58 -100 -87 -68 -11 -43 -26 -4 -36 -23 -55 -90 -79 -19 -62 -51 -83 -94 -15 -30 45 64 17 -47 -5 -84 -10 -69 -25 -20 76 -37 -52 -93 -29 -74 -78 -89 -46 -1 -61 -14 -21 -16 -33 -48 -85 -38 -9 -70 -53 75 -97 -80 -65 -6 -34 -13 -41 -24 -56 -77 -92 -2 -60 -28 -73 -88
-32 -66 -64 -71 -49 -27 -98 -59 -86 -54 -91 -7 -39 -81 -22 -50 -8 -76 -40 -3 -18 -35 29 -31 -67 -95 -72 -44 -63 -82 -99 -58 -100 -87 -11 38 -43 -26 21 -75 -4 -36 -23 -55 -90 -79 96 -19 -62 -51 -83 -94 -15 -30 -47 -42 -5 12 -84 -10 -69 -25 -20 -37 -52 -93 -74 -57 -78 -89 -46 -1 -61 -14 -16 -33 -48 -85 -9 -70 -53 -97 -80 -65 -6 -34 -13 -41 -24 -56 -77 -92 -2 -17 -60 -45 68 -28 -73 -88
-32 -66 -64 -71 -49 -27 -98 -59 10 -86 -54 -91 -7 -39 -96 -81 -22 -50 -8 -76 -40 -3 -18 -35 -31 -12 -67 -95 -72 -44 -63 -82 -99 -58 -100 -87 -11 -43 70 -26 21 -75 -4 -36 -23 -55 -79 -19 -51 -83 -94 -15 -30 -47 -42 -5 -84 -69 -25 -20 -37 -52 -93 -29 -74 -57 -78 -89 -46 -1 -61 -14 -16 -33 -48 -85 -38 -9 -53 -97 -80 -65 -6 -34 -13 -41 -24 -56 -77 -92 -2 -17 -60 -45 68 -28 62 90 -73 -88
-66 -64 -71 -49 -27 -98 -59 -86 -54 -91 -7 -39 -96 -81 -22 -50 -8 -76 -40 -35 -31 -12 -67 -95 61 -72 -44 -63 -82 -99 -58 -100 -87 -68 -11 -43 -26 -75 -4 -36 -23 -55 -90 -79 -19 -62 -51 -83 -94 -15 -30 32 45 17 -47 -42 -5 -84 -10 -69 -25 -20 -37 -52 -93 -29 -74 3 -57 -78 -89 18 -46 -1 -14 -21 -16 -33 -48 -85 -38 -9 -70 -53 -97 -80 -65 -6 -34 -13 -41 -24 -56 -77 -92 -2 -60 -28 -73 -88
-32 -66 -71 -49 -27 -98 -59 -86 -54 -91 -7 -39 -96 -81 -22 37 -50 -8 -76 -40 20 -18 -35 -31 -12 -95 -72 -44 -63 -82 -99 -58 -100 -87 -68 -11 -43 -26 21 -75 -4 -36 -23 -55 -79 -19 -62 -51 -83 -94 -15 -30 64 -47 -42 -5 -84 -10 -69 -25 -52 -93 -29 -74 3 -57 -78 -89 -46 -1 -61 67 -14 -16 -33 -48 -85 -38 -9 -70 -53 -97 -80 -65 -6 -34 -13 -41 -24 -56 -77 -92 -2 -17 -60 -45 -28 90 -73 -88
-32 -66 -64 -71 -49 -27 -98 -59 -86 -54 -91 -7 -39 -96 -22 -50 -8 -40 93 -18 -35 -31 -12 84 -67 -95 -72 -44 -63 -82 -99 -58 -100 -87 -68 -11 -43 -26 -75 -4 -36 -23 -55 -90 -79 -19 -62 -51 -83 -94 -15 -30 -47 -42 -5 -10 -69 -25 81 -20 76 -37 -52 -29 -74 3 -57 -78 -89 -46 -1 -61 -14 -21 -16 -33 -48 -85 -38 -9 -70 -53 -97 -80 -65 -6 -34 -13 -41 -24 -56 -77 -92 -2 -17 -60 -45 -28 -73 -88
-32 -66 -64 -71 -49 -27 -98 -59 -86 -54 -91 -7 -39 -96 -81 -22 -50 -8 -76 -40 46 -3 -18 -35 78 -31 -67 -95 -72 -44 -63 -82 -99 -58 -100 -87 -68 -11 -43 -26 21 -75 -4 -23 9 -55 -90 -79 -19 -62 -51 -83 -94 -15 -30 -47 -42 -5 12 -84 -10 -69 -25 -20 -37 -52 -93 -29 -74 -57 -89 -1 -61 -14 -16 -33 -48 -85 -38 -70 -53 -97 -80 -65 -6 -34 -13 36 -41 -24 -56 -77 -92 -2 -17 -60 -45 -28 -73 -88
-32 -66 -64 -71 -49 -27 -98 -59 -86 -54 -91 -7 -39 -96 -81 -22 37 -50 -8 -76 -40 93 -3 -18 -35 -31 -12 -95 -72 -44 -63 -82 -58 -100 -68 -11 -43 -26 -75 -4 -36 -23 -55 -90 -79 -19 -62 -51 -83 -94 -15 -30 -47 -42 -5 -84 -10 -69 -25 -20 -52 -29 -74 -57 -78 -89 -46 -1 -61 67 -14 -21 -16 -33 -48 99 87 -85 -38 -9 -70 -53 -97 -80 -65 -6 -34 -13 -41 -24 -56 -77 -92 -2 -17 -60 -45 -28 -73 -88
-32 -66 -71 -49 -27 -98 -59 -86 -54 -91 42 -7 -39 -96 -81 -22 -50 -8 -76 -40 -3 -18 -35 57 -31 -12 -67 -95 -72 -44 -63 -82 -99 -58 -100 -87 -68 -11 -43 -26 21 -75 -4 -36 -23 -55 -79 -19 -62 -51 -83 -94 -15 -30 34 64 -47 -5 -84 -10 -69 -25 -20 -37 -52 -93 -29 -74 -78 -89 -46 -1 -61 -14 -16 -33 -48 -85 -38 -9 -70 -53 -97 -80 -65 -6 -13 -41 -24 -56 -77 -92 -2 -17 -60 -45 -28 90 -73 -88
-66 -64 -71 -49 -27 -98 -59 -86 -54 -91 -7 24 -39 -96 -81 -22 -50 -8 -76 -40 -3 -18 -35 -31 -12 -67 -95 -72 -44 -63 -82 -99 -58 -100 -87 -11 -43 -26 33 -75 -4 -36 -23 -55 -79 -19 -62 -83 -94 -15 -30 32 -47 -42 -5 -84 -10 -69 -25 -20 -37 -52 -93 -29 -74 -57 -78 -89 -46 -1 -61 -14 -21 -16 -48 -85 -38 -9 -70 -53 -97 -80 -65 -6 -34 -13 -41 51 -56 -77 -92 -2 -17 -60 -45 68 -28 90 -73 -88
-32 -66 -71 -49 88 -27 -98 -59 -86 -54 -91 -7 -39 -96 -22 -50 -8 -76 -40 20 -3 -18 -35 -31 -12 -67 -95 -72 -44 -63 -82 -99 -58 -100 -87 -68 -11 -43 -26 -4 -36 -23 -55 -90 -79 -19 -62 -51 2 -83 -94 -15 -30 64 -47 -42 -5 -84 -10 -69 -25 81 -37 -52 -93 -29 -74 -57 -78 -89 -46 -1 -61 -14 -21 -16 -33 -48 -85 -38 -9 -70 -53 75 -97 -80 -65 -6 -34 -13 -41 -24 -56 -77 -92 -17 -60 -45 -28 -73
-32 -66 -64 -71 -49 -27 -98 -59 -86 -54 -91 42 -7 -39 -22 37 -50 -8 -76 -40 -18 -35 -31 -12 84 -67 -95 -72 -44 -63 -82 -99 -58 -100 -87 -68 -11 -43 -26 92 -75 -4 -36 -23 -55 -90 -79 96 -19 -62 -51 -83 -94 -15 -30 -47 -5 -10 -69 -25 81 -20 -52 -93 -29 -74 3 -57 -78 -89 -46 -1 -61 -14 -21 -16 -33 -48 -85 -38 -9 -70 -53 -97 -80 -65 -6 -34 -13 -41 -24 -56 -77 -2 -17 -60 -45 -28 -73 -88
-32 -66 -64 -71 -49 -27 -98 -59 -86 -54 -91 -7 -39 -96 -81 -22 -50 -8 -76 -40 -3 -18 -35 -31 -12 -67 -72 -44 89 -63 -82 -99 -58 -100 -87 -68 -11 -43 -26 -75 -4 -36 -23 -55 -79 -19 -62 -51 -83 -94 -15 -30 -47 -42 -5 -84 -10 -69 -25 -20 -37 -52 -93 -29 -74 80 -57 48 -78 -46 -1 95 -61 -14 -21 -16 -33 -85 -38 -9 -70 -53 -97 -65 -6 -34 -13 -41 -24 -56 -77 -92 -2 -17 -60 -45 -28 90 -73 -88
-66 -64 -71 -49 -27 -98 -59 -86 -91 42 -7 -39 -96 -81 -22 37 -50 -8 -76 -40 -3 -35 -31 -12 -67 -95 -72 -44 -63 -82 -99 -58 -100 -87 -68 -11 -43 -26 -75 -4 -36 -23 -55 -90 -79 -19 -62 -83 -94 -15 -30 32 -47 -5 54 -84 -10 -69 -25 -20 -52 -93 -29 -74 -57 -78 -89 18 -46 -1 -61 -14 -21 -16 -33 -48 -85 -38 -9 -70 -53 -97 -80 -65 -6 -34 -13 -41 51 -24 -56 -77 -92 -2 -17 -60 -45 -28 -73 -88
-32 -66 -71 -49 -27 -98 -59 -86 -54 -91 42 -7 -39 -96 -81 -22 -50 -8 -76 -40 -3 -18 -35 -31 -12 -67 -95 -72 -44 89 -63 -82 -99 -58 -100 -87 -68 -43 -26 -75 -4 -36 -23 -55 -79 -19 -62 -51 -83 -94 -15 -30 64 -47 -5 -84 -10 -69 -25 -20 -37 -52 -93 -29 -74 -57 -78 -46 -1 -61 -14 -21 11 -16 -33 -48 -85 -38 -9 -70 -53 -97 -80 -65 -6 -34 -13 -41 -24 -56 -77 -92 -2 -17 -60 -45 -28 90 -73 -88
-32 -66 -64 -71 -49 -27 -98 -59 10 -86 -91 -7 -39 -96 -81 -22 -50 -8 -40 93 -3 -35 -31 -12 -95 -72 -44 -63 -82 -99 -58 -100 -87 -68 -11 -43 -26 -75 -4 -36 -23 -55 -90 -79 -19 -62 -51 -83 -94 -15 -30 45 -47 -42 -5 54 -84 -69 -25 -20 76 -37 -52 -29 -74 -57 -78 -89 18 -46 -1 -61 67 -14 -21 -16 -33 -48 -85 -38 -9 -70 -53 -97 -80 -65 -6 -34 -13 -41 -24 -56 -77 -92 -2 -17 -60 -28 -73 -88
-32 -66 -64 -71 -49 -27 -98 -59 -86 -54 -91 -7 -39 -96 -22 25 -50 -8 -76 -40 -3 -18 -35 -31 -12 -67 -95 -72 -44 -63 -82 -99 -58 -100 -87 -11 -43 -26 97 -75 -4 -36 -23 -55 -79 -62 -51 -83 -94 -15 -30 -47 -42 -5 -84 -10 -69 81 -20 -37 -52 -93 -29 -74 -57 -78 -89 -46 -1 -61 -14 -21 -16 -33 -48 -85 -38 -9 -70 -53 -80 -65 -6 -34 -13 -41 -24 19 -56 -77 -92 -2 -17 -60 -45 68 -28 90 -73 -88
-32 -66 -64 -71 -49 -27 -98 -59 -54 -91 -7 -39 -96 -81 -22 -50 -8 -76 -40 20 -3 -35 -31 -12 -67 -95 -72 -44 -63 -82 -99 -58 -100 -87 -11 -43 -26 -75 -4 -36 -23 -55 -79 -19 -62 -51 -83 -94 -15 -47 -42 -5 -84 -10 -69 86 -25 -37 -52 -93 -29 -74 -57 -78 -89 18 -46 -1 -61 -14 -21 -16 -33 -48 -85 -38 -9 -70 -53 -97 -80 -65 -6 -34 -13 30 -41 -24 -56 -77 -92 -2 -17 -60 -45 68 -28 90 -73 -88
-32 -66 -64 -71 -49 -27 -98 -59 -86 -54 -91 -7 -39 -96 -22 -50 -8 -76 -40 -3 -35 -31 -12 -95 -72 -44 -63 -82 -99 -58 -100 -87 -68 -11 -43 -26 -75 -4 -36 -23 -55 -79 -19 -62 -83 -94 -15 -30 17 -47 -42 -5 -84 -10 -69 -25 81 -20 -37 -52 -93 -29 -74 -57 -78 -89 18 -46 -1 -61 67 -14 -21 -16 -33 -48 -85 -38 -9 -70 -53 -97 -80 -65 -6 -34 -13 -41 51 -24 -56 -77 -92 -2 -60 -45 -28 90 -73 -88
-32 -66 -64 -71 -49 -27 -98 -59 -86 -54 -91 42 -7 -39 -96 -81 -22 37 -50 -8 -76 -3 -35 -31 -12 -67 -95 -72 -44 -63 -82 -99 -58 -100 -87 -68 -11 -43 -26 -75 -4 -36 -23 -55 -90 -79 -19 -62 -51 -83 -94 -15 -30 45 -47 -5 -84 -10 -69 -25 -20 -52 -93 -29 -74 -57 -78 -89 18 -46 -1 -61 -14 -21 -16 -33 -48 -85 -38 -9 40 -70 -53 -97 -80 -65 -6 -34 -13 -41 -24 -56 -77 -92 -2 -17 -60 -28 -73 -88
-32 -66 -64 -71 -49 -27 -98 -59 -86 -54 -91 -7 -39 -96 -81 -22 -50 -8 -76 -40 -3 -18 -35 -31 -12 -67 -95 -72 -44 -63 -82 -99 -58 -100 -68 -11 -43 70 -26 -75 -4 -36 -23 -55 -19 -62 -51 73 -83 -94 -15 -30 -47 -42 -5 -84 -10 -69 -25 -20 -37 -52 -93 -29 -74 -57 48 -78 -89 -46 -1 -61 -14 -21 -16 -33 87 -85 -38 -9 -53 -97 -80 -65 -6 -34 -13 -41 -24 79 -56 -77 -92 -2 -17 -60 -45 -28 90 -88
-32 -66 -71 -49 -27 -98 -59 -86 -54 -91 -7 -39 -96 -81 -22 -50 -8 -76 -40 20 -3 -18 -35 57 -31 -12 -67 -95 -72 -44 89 -63 -82 -99 -58 -100 -87 -68 -11 -43 -26 21 -4 -36 -23 -55 -79 -19 -62 -51 -83 -94 -15 -30 64 -47 -42 -5 -84 -10 -69 -25 -37 -52 -93 -29 -74 -78 -46 -1 -61 -14 -16 -33 -48 -85 -38 -9 -70 -53 75 -97 -80 -65 -6 -34 -13 -41 -24 -56 -77 -92 -2 -17 -60 -45 -28 90 -73 -88
-32 -66 -64 -71 -49 -27 -98 -59 -54 -91 -7 -39 -96 -81 -22 -50 -8 -76 -40 -3 -18 -35 -31 -12 -67 -95 -72 -44 89 -63 -82 -99 -58 -100 -87 -68 -11 -43 -26 -75 -4 -36 -23 -55 -79 -19 -62 -51 2 -83 -94 -15 -30 -47 -42 -5 -84 -10 -69 86 -25 -20 -37 -52 -93 -29 -74 -57 48 -78 -46 -1 -61 -14 -21 -16 -33 -85 -38 -9 -70 -53 -97 -80 -65 -6 -34 -13 -41 -24 -56 -77 -92 -17 -60 -45 -28 90 -73 -88
-32 -66 -64 -71 -49 88 -27 -98 -59 -86 -54 -91 -7 -39 -96 -22 14 -50 -8 -76 -40 20 -3 -18 -35 57 -12 -67 -95 -72 -44 -63 -82 -99 -58 -100 -87 -68 -11 -43 -26 -75 -4 -36 -23 -55 -79 -19 -62 -51 -83 -94 -15 -30 -47 -42 -5 -84 -10 -69 -25 81 -37 -52 -93 -29 -74 -78 -89 -46 -1 -61 31 -21 -16 -33 -48 -85 -38 -9 -70 -53 -97 -80 -65 -6 -34 -13 -41 -24 -56 -77 -92 -2 -17 -60 -45 -28 90 -73
-32 -66 -64 -71 -49 -27 -98 -59 -86 -54 -91 -7 -39 -96 -81 -22 37 -50 -8 -76 -40 20 -3 -18 -35 -31 -12 -67 -95 -72 -44 89 -63 -82 -99 -58 -100 -87 -68 -11 -43 -75 -4 -36 -23 -55 -79 -19 -62 -51 -83 -94 -15 -30 -47 -42 -5 -84 -10 -69 -25 -52 -93 -29 -74 -57 -78 -46 -1 -61 -14 -21 -16 -33 -48 -85 -38 -9 -70 26 -53 -97 -80 -65 -6 -34 -13 -41 -24 -56 -77 -92 -2 -17 -60 -45 -28 90 -73 -88
-32 -66 -64 -71 -49 -27 -98 -59 -86 -91 -7 -39 -96 -81 -22 -50 -8 -18 -35 -31 -12 84 -67 -95 -72 -44 -63 -82 -99 -58 -100 -87 -68 -11 -43 -26 -75 -4 -36 -23 -55 -90 -79 -19 -62 -51 -83 -94 -15 -30 45 -47 -42 -5 54 -10 -69 -25 -20 76 -37 -52 -93 -29 -74 3 -57 -78 -89 -46 -1 -61 -14 -21 -16 -33 -48 -85 -38 -9 40 -70 -53 -97 -80 -65 -6 -34 -13 -41 -24 -56 -77 -92 -2 -17 -60 -28 -73 -88
-32 -66 -71 -49 -27 -98 -59 10 -86 -54 -91 42 -7 -39 -96 -81 -22 -50 -76 -40 -3 -18 -35 -31 -12 -95 -72 -44 -63 -82 -99 -58 -100 -87 -68 -11 -43 -26 -75 -4 -36 -23 -55 -79 -19 -62 -51 -83 -94 -15 -30 64 -47 -5 -84 -69 -25 -20 -37 -52 -93 -29 -74 -57 -78 -89 -46 -1 -61 67 -14 -21 -16 -33 -48 -85 -38 -9 -70 -53 8 -97 -80 -65 -6 -34 -13 -41 -24 -56 -77 -92 -2 -17 -60 -45 -28 90 -73 -88
-32 -66 -64 -71 -49 -27 -98 -59 -86 -54 -91 -7 -39 -96 -81 -22 -50 -8 -76 -40 -35 -31 -12 -67 -95 -72 -44 -63 -82 -99 -58 -100 -68 -11 -43 -26 -75 -4 -36 -23 -55 -90 -79 -19 -62 -51 73 -83 -94 -15 17 -47 -42 -5 -84 -10 -69 -25 -20 -37 -52 -93 -29 -74 3 -57 -78 -89 18 -46 -1 -61 -14 -21 -16 -33 -48 87 -85 -38 -9 -70 -53 -97 -80 -65 -6 -34 -13 30 -41 -24 -56 -77 -92 -2 -60 -45 -28 -88
-32 -66 -71 -49 88 -27 -98 -59 -86 -54 -91 -7 -39 -96 -81 -22 37 -50 -8 -76 -40 20 -3 -18 -35 -31 -12 -67 -95 -72 -44 -63 -82 -99 -58 -100 -87 -11 -43 -26 21 -75 -4 -36 -23 -55 -90 -79 -19 -62 -51 -83 -94 -15 -30 64 -47 -42 -5 -84 -10 -69 -25 -52 -93 -29 -74 -57 -78 -89 -46 -1 -61 -14 -16 -33 -48 -85 -38 -9 -70 -53 -97 -80 -65 -6 -34 -13 -41 -24 -56 -77 -92 -2 -17 -60 -45 68 -28 -73
-32 -66 -64 -71 -49 -27 -98 -59 -86 -54 -91 -7 -39 -96 -81 -22 -50 -8 93 -3 -18 -35 -31 -12 -67 -95 61 -72 -44 -63 -82 -99 -58 -100 -87 -68 -11 -43 -26 -75 -4 -36 -23 -55 -90 -79 -19 -62 -83 -94 -15 -30 -47 -42 -5 -84 -10 -69 -25 -20 76 -37 -52 -29 -74 -57 -78 -89 -46 -1 -14 -21 -16 -33 -48 -85 -38 -9 40 -70 -53 -97 -80 -65 -6 -34 -13 -41 51 -24 -56 -77 -92 -2 -17 -60 -45 -28 -73 -88
-32 -66 -64 -71 -49 -27 -98 -59 -54 -91 42 -7 -39 -96 -81 -22 -8 -76 -40 -3 -18 -35 -31 -12 -67 -95 -72 -44 -63 -82 -99 -58 -100 -87 -68 -11 -43 -26 -75 -4 -36 -23 -55 -90 -79 -19 -62 -51 -83 -94 -15 -30 17 -47 -5 -84 -10 -69 86 -25 -20 -37 -52 -93 -29 -74 -57 48 -78 -89 -46 -1 -61 50 -14 -21 -16 -33 -85 -38 -9 -70 -53 -97 -80 -65 -6 -34 -13 -41 -24 -56 -77 -92 -2 -60 -45 -28 -73 -88
-66 -64 -71 -49 88 -27 -98 -59 -86 -54 -91 -7 -39 -96 -22 -50 -8 -76 -40 20 -3 -18 -35 -31 -12 -67 -95 -72 -44 -63 -82 -99 -58 -100 -87 -11 -43 -26 -75 -4 -36 -23 -55 -90 -79 -19 -62 -83 -94 -15 -30 32 -47 -42 -5 -84 -10 -69 -25 81 -37 -52 -93 -29 -74 -57 -78 -89 -46 -1 -61 -14 -21 -16 -33 -48 -85 -38 -9 -70 -53 -97 -80 -65 -6 -34 -13 -41 51 -24 -56 -77 -92 -2 -17 -60 -45 68 -28 -73
-32 -66 -64 -71 -49 -27 -98 -59 -86 -54 -91 -7 -39 -96 -22 -50 -8 -76 -40 20 -3 -18 -35 -31 -12 -95 -72 -44 89 -63 -82 -99 -58 -100 -87 -11 -43 -26 -75 -4 -36 -23 -55 -90 -79 -19 -62 -83 -94 -15 -30 -47 -42 -5 -84 -10 -69 -25 81 -37 -52 -93 -29 -74 -57 -78 -46 -1 -61 67 -14 -21 -16 -33 -48 -85 -38 -9 -70 -53 -97 -80 -65 -6 -34 -13 -41 51 -24 -56 -77 -92 -2 -17 -60 -45 68 -28 -73 -88
-32 -66 -64 -71 -49 -27 -98 -59 -86 -54 -91 42 -7 -39 -96 -81 -22 -50 -8 -40 -3 -18 -35 -31 -12 -67 -95 -72 -44 -63 -82 -99 -58 -100 -87 -68 -11 38 -43 -26 -75 -4 -36 -23 9 -55 -90 -79 -19 -62 -51 2 -83 -94 -15 -30 45 -47 -5 -84 -10 -69 -25 -20 76 -37 -52 -93 -29 -74 -57 -78 -89 -46 -1 -61 -14 -21 -16 -33 -48 -85 -70 -53 -97 -80 -65 -6 -34 -13 -41 -24 -56 -77 -92 -17 -60 -28 -73 -88
-32 -66 -71 -49 -27 -98 -59 -86 -54 -91 42 -7 -39 -96 -81 -22 37 -50 -8 -76 -40 -3 -18 -35 57 -31 -12 -67 -95 -72 -44 -63 -82 -99 -58 -100 -87 -68 -11 -43 -26 21 -75 -4 -36 -23 -55 -79 -19 -62 -51 -83 -94 -15 -30 64 -47 -5 -84 -10 -69 -25 -20 -52 -93 -29 -74 -78 -89 -46 -1 -61 -14 -16 -33 -48 -85 -38 -9 -70 -53 -97 -80 -65 -6 -34 -13 -41 -24 -56 -77 -92 -2 -17 -60 -45 -28 90 -73 -88
-66 -71 -49 -27 -98 -59 -86 -54 -91 -7 -39 -81 -22 37 -50 -8 -76 -40 -3 -18 -35 -31 -12 -95 -72 -44 -63 -82 -58 -100 -87 -68 -11 -43 -26 -75 -4 -36 -23 -55 -79 96 -19 -62 -51 -83 -94 -15 -30 32 64 -47 -42 -5 -84 -10 -69 -25 -20 -52 -93 -29 -74 -57 -78 -89 -46 -1 -61 67 -14 -21 -16 -33 -48 99 -85 -38 -9 -70 -53 -97 -80 -65 -6 -34 -13 -41 -24 -56 -77 -92 -2 -17 -60 -45 -28 90 -73 -88
-32 -66 -64 -49 -27 -98 -59 -54 -91 -7 -39 -96 -81 -22 -50 -8 -76 -40 -3 -18 -35 -31 -12 -67 -72 -44 -63 -82 -99 -58 -100 -87 -11 -43 70 -26 -75 -4 -36 -23 -55 -79 -19 -62 -51 -83 -94 -15 -30 -47 -42 -5 71 -84 -10 -69 86 -25 -20 -37 -52 -93 -29 -74 -57 -78 -89 -46 -1 95 -61 -14 -21 -16 -33 -48 -85 -38 -9 -53 -97 -80 -65 -6 -34 -13 -41 -24 -56 -77 -92 -2 -17 -60 -45 68 -28 90 -73 -88
-32 -66 -64 -71 -49 -27 -98 -86 -54 -91 42 -7 -39 -96 -81 -22 37 -50 -8 -76 -40 -18 -35 -31 -12 -67 -95 -72 -44 -63 -82 -99 -58 -100 -87 -68 -11 -43 -26 -75 -4 -36 -23 -55 -79 -19 -62 -51 -83 -94 -15 -30 17 -47 -5 59 -84 -10 -69 -25 -20 -52 -93 -29 -74 3 -57 -78 -89 -46 -1 -61 -14 -21 -16 -33 -48 -85 -38 -9 -70 -53 -97 -80 -65 -6 -34 -13 -41 -24 -56 -77 -92 -2 -60 -45 -28 90 -73 -88
-32 -66 -64 -71 -49 -27 -98 -59 -54 -91 42 -7 -39 -22 -50 -8 -76 -40 -3 -18 -35 -31 -12 -95 -72 -44 -63 -82 -99 -58 -100 -87 -68 -11 -43 -26 -75 -4 -36 -23 -55 -79 96 -19 -62 -51 -83 -94 -15 -30 34 -47 -5 -84 -10 -69 86 -25 81 -20 -37 -52 -93 -29 -74 -57 -78 -89 -46 -1 -61 67 -14 -21 -16 -33 -48 -85 -38 -9 -70 -53 -97 -80 -65 -6 -13 -41 -24 -56 -77 -92 -2 -17 -60 -45 -28 90 -73 -88
-32 -66 -64 -71 -49 -27 -98 -59 -54 -91 -7 -39 -96 -81 -22 -50 -8 -76 -40 -3 -18 -35 -31 -12 -67 -95 -72 -44 -63 -82 -99 -58 -100 -87 -11 -43 -26 -75 -4 -36 -23 -55 -79 -19 -62 -51 2 -83 -94 -15 -30 -47 -42 -5 -84 -10 -69 86 -25 -20 -37 -52 -93 -29 -74 -57 48 -78 -89 -46 -1 -61 -14 -21 -16 -33 -85 -38 -9 -70 -53 -97 -80 -65 -6 -34 -13 -41 -24 -56 -77 -92 -17 -60 -45 68 -28 90 -73 -88
-32 -66 -64 -49 -27 -98 -59 -86 -54 -91 -7 -39 -96 -81 -22 -50 -8 -76 -40 20 -3 -18 -35 -31 -67 -95 -72 -44 -63 -82 -99 -58 -100 -87 -11 -43 -26 -75 -4 -36 -23 -55 -19 -62 -51 -83 -94 -15 -30 -47 -42 -5 71 12 -84 -10 -69 -25 -37 -52 -93 -29 -74 -57 -78 -89 -46 -1 -61 -14 -21 -16 -33 -48 -85 -38 -9 -70 -53 -97 -80 -65 -6 -34 -13 -41 -24 79 -56 -77 -92 -2 -17 -60 -45 68 -28 90 -73 -88
-32 -66 -64 -71 -49 -27 -98 -59 -86 -91 -7 -39 -96 -81 -22 37 -50 -8 -40 -3 -18 -35 -31 -12 -95 -72 -44 -63 -82 -99 -58 -100 -87 -68 -11 -43 -26 -75 -4 -36 -23 -55 -90 -79 -19 -62 -51 -83 -94 -15 -30 45 17 -47 -42 -5 54 -84 -10 -69 -25 -20 76 -52 -93 -29 -74 -57 -78 -89 -46 -1 -61 67 -14 -21 -16 -33 -48 -85 -38 -9 -70 -53 -97 -80 -65 -6 -34 -13 -41 -24 -56 -77 -92 -2 -60 -28 -73 -88
-66 -64 -71 -49 -27 -98 -59 -86 -91 -7 -39 -96 -81 -22 -50 -8 -3 -18 -35 -31 -12 -67 -95 -72 -44 -63 -82 -99 -58 -100 -87 -68 -11 -43 -26 21 -75 -4 -36 -23 -55 -90 -79 -19 -62 -83 -94 -15 -30 32 -47 -42 -5 54 -84 -10 -69 -25 -20 76 -37 -52 -93 -29 -74 -57 -78 -89 -46 -1 -61 -14 -16 -33 -48 -85 -38 -9 40 -70 -53 -97 -80 -65 -6 -34 -13 -41 51 -24 -56 -77 -92 -2 -17 -60 -45 -28 -73 -88
-32 -66 -71 -49 -27 -98 -59 -86 -54 -91 -7 -39 -96 -81 -22 -50 -8 -76 -40 20 -3 -18 -35 57 -31 -95 -72 -44 -63 -82 -99 -58 -100 -87 -11 -43 -26 -75 -4 -36 -23 -55 -90 -79 -19 -51 -83 -94 -15 -30 64 -47 -42 -5 12 -84 -10 -69 -25 -37 -52 -93 -29 -74 -78 -89 -46 -1 -61 67 -14 -21 -16 -33 -48 -85 -38 -9 -70 -53 -97 -80 -65 -6 -34 -13 -41 -24 -56 -77 -92 -2 -17 -60 -45 68 -28 62 -73 -88
-66 -64 -71 -49 -27 -59 -86 -54 -91 -7 -39 -96 -81 -22 37 -50 -8 -76 -40 -3 -18 -35 57 -31 -12 84 -95 -72 -44 -63 -82 -99 -58 -100 -87 -68 -11 -43 -26 -75 -4 -36 -23 -55 -79 -19 -62 -51 -83 -94 -15 -30 32 -47 -42 -5 -10 -69 -25 -20 98 -52 -93 -29 -74 -78 -89 -46 -1 -61 67 -14 -21 -16 -33 -48 -85 -38 -9 -70 -53 -97 -80 -65 -6 -34 -13 -41 -24 -56 -77 -92 -2 -17 -60 -45 -28 90 -73 -88
-32 -66 -64 -71 -49 88 -27 -98 -86 -54 -91 -7 -39 -96 -81 -22 -50 -8 -76 -40 20 -3 -18 -35 -31 -12 -67 -95 -72 -44 -63 -82 -58 -100 -87 -68 -11 -43 -26 -75 -4 -36 -23 -55 -79 -19 -62 -51 2 -83 -94 -15 -47 -42 -5 59 -84 -10 -69 -25 -37 -52 -93 -29 -74 -57 -78 -89 -46 -1 -61 -14 -21 -16 -33 -48 99 -85 -38 -9 -70 -53 -97 -80 -65 -6 -34 -13 30 -41 -24 -56 -77 -92 -17 -60 -45 -28 90 -73
-32 -66 -64 -71 -49 -27 -98 -59 -86 -54 -91 -7 -39 -96 -81 -22 37 -50 -8 -76 -40 20 -3 -18 -35 -31 -12 -67 -95 -72 -44 89 -63 -82 -99 -58 -100 -87 -11 -43 -26 -75 -4 -36 -23 -55 -79 -19 -62 -51 -83 -94 -15 -30 17 -47 -42 -5 -84 -10 -69 -25 -52 -93 -29 -74 -57 -78 -46 -1 -61 -14 -21 -16 -33 -48 -85 -38 -9 -70 -53 -97 -80 -65 -6 -34 -13 -41 -24 -56 -77 -92 -2 -60 -45 68 -28 90 -73 -88
-32 -66 -64 -71 -49 88 -27 -98 -59 -86 -54 -91 -7 -39 -96 -81 -22 37 -50 -8 -76 -40 20 -3 -18 -35 -31 -12 -67 -95 -72 -44 89 -63 -82 -99 -58 -100 -87 -68 -11 -43 -26 21 -75 -4 -36 -23 -55 -90 -79 -19 -62 -51 -83 -94 -15 -30 -47 -42 -5 -84 -10 -69 -25 -52 -93 -29 -74 -57 -78 -46 -1 -61 -14 -16 -33 -48 -85 -38 -9 -70 -53 -97 -80 -65 -6 -34 -13 -41 -24 -56 -77 -92 -2 -17 -60 -45 -28 -73
-66 -64 -71 -49 -27 -98 -59 -86 -91 -7 -39 -96 -81 -22 -50 -8 -76 -40 -3 -35 -31 -12 -67 -95 -72 -44 -63 -82 -99 -58 -100 -87 -68 -11 -43 70 -26 21 -75 -4 -36 -23 -55 -90 -79 -19 -62 -51 -83 -94 -15 -30 32 17 -47 -42 -5 54 -84 -10 -69 -25 -20 -37 -52 -93 -29 -74 -57 -78 -89 18 -46 -1 -61 -14 -16 -33 -48 -85 -38 -9 -53 -97 -80 -65 -6 -34 -13 -41 -24 -56 -77 -92 -2 -60 -45 -28 -73 -88
-32 -66 -64 -71 -49 -27 -98 -86 -54 -91 42 -7 -39 -96 -81 -22 37 -50 -8 -76 -40 -3 -18 -35 -31 -12 -67 -95 -72 -44 -63 -82 -58 -100 -87 -68 -11 -43 -26 21 -4 -36 -23 -55 -90 -79 -19 -62 -51 2 -83 -94 -15 -30 -47 -5 59 -84 -10 -69 -25 -20 -52 -93 -29 -74 -57 -78 -89 -46 -1 -61 -14 -16 -33 -48 99 -85 -38 -9 -70 -53 75 -97 -80 -65 -6 -34 -13 -41 -24 -56 -77 -92 -17 -60 -45 -28 -73 -88
-32 -66 -71 -49 88 -27 -98 -59 -86 -54 -91 -7 -39 -96 -81 -22 -50 -8 -76 -40 20 -3 -18 -35 78 -31 -12 -67 -95 -72 -44 -63 -82 -58 -100 -87 -68 -11 -43 -26 -4 -36 -23 -90 -79 -19 -62 -51 -83 -94 -15 -30 64 -47 -42 -5 -84 -10 -69 -25 -37 -52 -93 -29 -74 -57 -89 -46 -1 -61 -14 -21 -16 -33 -48 99 -85 -38 -9 -70 55 -53 75 -97 -80 -65 -6 -34 -13 -41 -24 -56 -77 -92 -2 -17 -60 -45 -28 -73
-32 -66 -64 -71 -49 88 -27 -98 -59 -86 -54 -91 42 -7 -39 -96 -81 -22 37 -50 -8 -76 -40 -3 -18 -35 -31 -12 -95 -72 -44 89 -63 -82 -99 -58 -100 -87 -11 -43 -26 -4 -36 -23 -55 -90 -79 -19 -62 -51 -83 -94 -15 -30 -47 -5 -84 -10 -69 -25 -20 -52 -93 -29 -74 -57 -78 -46 -1 -61 67 -14 -21 -16 -33 -48 -85 -38 -9 -70 -53 75 -97 -80 -65 -6 -34 -13 -41 -24 -56 -77 -92 -2 -17 -60 -45 68 -28 -73
-32 -66 -64 -71 -49 -27 -98 -59 -86 -54 -91 -7 -39 -96 -81 -22 37 -50 -8 -76 -40 -3 -18 -35 57 -31 -12 -95 -72 -44 89 -63 -82 -58 -100 -87 -68 -11 -43 -26 -75 -4 -36 -23 -55 -90 -79 -19 -62 -51 2 -83 -94 -15 -30 -47 -42 -5 -84 -10 -69 -25 -20 -52 -93 -29 -74 -78 -46 -1 -61 67 -14 -21 -16 -33 -48 99 -85 -38 -9 -70 -53 -97 -80 -65 -6 -34 -13 -41 -24 -56 -77 -92 -17 -60 -45 -28 -73 -88
-32 -66 -64 -71 -49 -27 -98 -59 10 -86 -54 -91 42 -7 -39 -96 -81 -22 37 -50 -8 -40 -3 -18 -35 -31 -12 -67 -95 -72 -44 -63 -82 -99 -58 -100 -87 -68 -11 -43 -26 -75 -4 -36 -23 -55 -79 -19 -62 -51 -83 -94 -15 -30 45 -47 -5 -84 -69 -25 -20 76 -52 -93 -29 -74 -57 -78 -89 -46 -1 -61 -14 -21 -16 -33 -48 -85 -38 -9 -70 -53 -97 -80 -65 -6 -34 -13 -41 -24 -56 -77 -92 -2 -17 -60 -28 90 -73 -88
-32 -66 -64 -71 -49 -98 -59 -86 -54 -91 -7 -39 -96 -81 -22 -50 -8 -76 -40 -3 -18 -35 -31 -67 -95 -72 -44 -63 -82 -58 -100 -87 -11 38 -43 -26 21 -75 -4 -36 -23 -55 -90 -19 -62 -51 -83 -94 -15 -30 -47 -42 -5 27 12 -84 -10 -69 -25 -20 -37 -52 -93 -29 -74 -57 -78 -89 -46 -1 -61 -14 -16 -33 -48 99 -85 -9 -70 -53 -97 -80 -65 -6 -34 -13 -41 -24 79 -56 -77 -92 -2 -17 -60 -45 68 -28 -73 -88
-32 -66 -64 -71 -49 -27 -98 -59 -86 -54 -91 -7 -39 -96 -81 -22 14 -50 -8 -76 -40 20 -3 -18 -35 78 -31 -67 -95 -72 -44 89 -63 -82 -99 -58 -100 -87 -68 -11 -43 -26 -75 -4 -36 -23 -55 -90 -79 -19 -62 -51 -83 -94 -15 -30 17 -47 -42 -5 12 -84 -10 -69 -25 -37 -52 -93 -29 -74 -57 -46 -1 -61 -21 -16 -33 -48 -85 -38 -9 -70 -53 -97 -80 -65 -6 -34 -13 -41 -24 -56 -77 -92 -2 -60 -45 -28 -73 -88
-32 -66 -64 -71 -49 -27 -98 -59 -86 -54 -91 42 -7 -39 -96 -81 -22 37 -50 -8 -76 -40 -3 -18 -35 57 -31 -12 -67 -95 -72 -44 89 -63 -82 -99 -58 -100 -87 -68 -11 -43 -26 -75 -4 -36 -23 -55 -79 -19 -62 -51 2 -83 -94 -15 -30 -47 -5 -84 -10 -69 -25 -20 -52 -93 -29 -74 -78 -46 -1 -61 -14 -21 -16 -33 -48 -85 -38 -9 -70 -53 -97 -80 -65 -6 -34 -13 -41 -24 -56 -77 -92 -17 -60 -45 -28 90 -73 -88
-32 -66 -64 -49 -27 -98 -59 -86 -54 -91 -7 -39 -96 -81 -22 -50 -8 -76 -40 -18 -35 -31 -12 -67 -95 -72 -44 1 -63 -82 -99 -58 -100 -87 -68 -11 -43 -26 -75 -4 -36 -23 -55 -79 -19 -62 -51 -83 -94 -15 -30 17 -47 -42 -5 71 -84 -10 -69 -25 -20 -37 -52 -93 -29 -74 3 -57 48 -78 -89 -46 -61 -14 -21 -16 -33 -85 -38 -9 -70 -53 -97 -80 -65 -6 -34 -13 -41 -24 -56 -77 -92 -2 -60 -45 -28 90 -73 -88
-32 -66 -64 -71 -49 -27 -59 -86 -54 -91 -7 -39 -96 -81 -22 37 -50 -8 -76 -40 -3 -18 -35 57 -31 -12 -95 -72 -44 -63 -82 -58 -100 -87 -68 -11 -43 -26 -4 -36 -23 -55 -79 -19 -62 -51 -83 -94 -15 -30 -47 -42 -5 -84 -10 -69 -25 -20 98 -52 -93 -29 -74 -78 -89 -46 -1 -61 67 -14 -21 -16 -33 -48 99 -85 -38 -9 -70 -53 75 -97 -80 -65 -6 -34 -13 -41 -24 -56 -77 -92 -2 -17 -60 -45 -28 90 -73 -88
-32 -66 -71 -49 -27 -98 -59 -86 -54 -91 -7 -39 -96 -81 -22 37 -50 -8 -76 -40 20 -3 -18 -35 57 -31 -12 -67 -95 -72 -44 -63 -82 -99 -58 -100 -87 -68 -11 -43 -26 21 -75 -4 -36 -23 -55 -79 -19 -62 -51 -83 -94 -15 -30 64 -47 -42 -5 -84 -10 -69 -25 -52 -93 -29 -74 -78 -89 -46 -1 -61 -14 -16 -33 -48 -85 -38 -9 -70 -53 -97 -80 -65 -6 -34 -13 -41 -24 -56 -77 -92 -2 -17 -60 -45 -28 90 -73 -88
-32 -66 -64 -71 -49 88 -27 -98 -59 -54 -91 -7 -39 -96 -22 -50 -8 -76 -40 20 -3 -18 -35 -31 -12 -67 -95 -72 -44 -63 -82 -58 -100 -87 -68 -11 -43 -26 -75 -4 -36 -23 -55 -90 -79 -19 -62 -51 2 -83 -94 -15 -30 -47 -42 -5 -84 -10 -69 86 -25 81 -37 -52 -93 -29 -74 -57 -78 -89 -46 -1 -61 -14 -21 -16 -33 -48 99 -85 -38 -9 -70 -53 -97 -80 -65 -6 -34 -13 -41 -24 -56 -77 -92 -17 -60 -45 -28 -73
-32 -66 -64 -71 -49 -27 -98 -59 -86 -54 -91 -7 -39 -96 -22 -50 -8 -40 -3 -18 -35 -31 -12 84 -67 -95 -72 -44 -63 -82 -99 -58 -87 -68 -11 -43 -26 -75 -4 -36 -23 -55 -90 -79 -19 -62 -51 -83 -94 -15 -30 45 17 -47 -42 -5 -10 -69 -25 81 -20 76 -37 -52 -93 -29 -74 -57 -78 -89 -46 -1 -61 -14 -21 -16 -33 -48 -85 -38 -9 -70 -53 -97 -80 -65 -6 -34 -13 -41 -24 -56 -77 -92 -2 -60 -28 -73 -88 100
-32 -66 -64 -71 -49 -27 -98 -59 10 -86 -54 -91 42 -7 -39 -96 -81 -22 37 -50 -8 -76 -40 93 -3 -18 -35 -31 -12 -67 -95 -72 -44 -63 -82 -58 -100 -87 -68 -11 -43 -26 -75 -4 -36 -23 -55 -90 -79 -19 -62 -51 -83 -94 -15 -30 -47 -5 -84 -69 -25 -20 -52 -29 -74 -57 -78 -89 -46 -1 -61 -14 -21 -16 -33 -48 99 -85 -38 -9 -70 -53 -97 -80 -65 -6 -34 -13 -41 -24 -56 -77 -92 -2 -17 -60 -45 -28 -73 -88
-32 -66 -64 -71 -49 88 -27 -98 -59 -86 -54 -91 -7 -39 -96 -81 -22 37 -50 -8 -76 -40 20 -3 -18 -35 -31 -12 -67 -95 -72 -44 -63 -82 -99 -58 -100 -87 -11 -43 -26 21 -75 -4 -36 -23 -55 -90 -79 -19 -62 -51 2 -83 -94 -15 -30 -47 -42 -5 -84 -10 -69 -25 -52 -93 -29 -74 -57 -78 -89 -46 -1 -61 -14 -16 -33 -48 -85 -38 -9 -70 -53 -97 -80 -65 -6 -34 -13 -41 -24 -56 -77 -92 -17 -60 -45 68 -28 -73
-32 -66 -71 -49 -27 -98 -59 -86 -54 -91 42 -7 -39 -96 -81 -22 -50 -8 -76 -40 -3 -18 -35 57 -31 -12 -95 -72 -44 -63 -82 -99 -58 -100 -87 -11 -43 -26 -75 -4 -36 -23 -55 -79 -19 -62 -51 -83 -94 -15 -30 64 -47 -5 -84 -10 -69 -25 -20 -37 -52 -93 -29 -74 -78 -89 -46 -1 -61 67 -14 -21 -16 -33 -48 -85 -38 -9 -70 -53 -97 -80 -65 -6 -34 -13 -41 -24 -56 -77 -92 -2 -17 -60 -45 68 -28 90 -73 -88
-32 -66 -64 -71 -49 88 -27 -98 -59 -86 -54 -91 42 -7 -39 -96 -81 -22 37 -50 -8 -76 -40 20 -3 -18 -35 -31 -12 -95 -72 -44 -63 -82 -99 -58 -100 -87 -68 -11 -43 -26 21 -75 -4 -36 -23 -55 -90 -79 -19 -62 -51 -83 -94 -15 -30 17 -47 -5 -84 -10 -69 -25 -52 -93 -29 -74 -57 -78 -89 -46 -1 -61 67 -14 -16 -33 -48 -85 -38 -9 -70 -53 -97 -80 -65 -6 -34 -13 -41 -24 -56 -77 -92 -2 -60 -45 -28 -73
-32 -66 -64 -71 -49 88 -27 -98 -59 -86 -54 -91 -7 -39 -81 -22 -50 -8 -76 -40 -3 -18 -35 -31 -12 -67 -95 -72 -44 89 -63 -82 -99 -58 -100 -87 -68 -43 -26 -75 -4 -36 -23 -55 -90 -79 96 -19 -62 -51 -83 -94 -15 -30 -47 -42 -5 -84 -10 -69 -25 -20 -37 -52 -93 -29 -74 -57 48 -78 -46 -1 -61 -14 -21 11 -16 -33 -85 -38 -9 -70 -53 -97 -80 -65 -6 -34 -13 -41 -24 -56 -77 -92 -2 -17 -60 -45 -28 -73
-32 -66 -71 -49 88 -27 -98 -59 -86 -54 -91 -7 -39 -96 -81 -22 -50 -8 -76 -40 -3 -18 -35 78 -31 -67 -95 -72 -44 89 -63 -82 -99 -58 -100 -87 -11 -43 -26 -75 -4 -36 -23 -55 -90 -79 -19 -62 -51 -83 -94 -15 -30 64 -47 -42 -5 12 -84 -10 -69 -25 -20 -37 -52 -93 -29 -74 -57 -46 -1 -61 -14 -21 -16 -33 -48 -85 -38 -9 -70 -53 -97 -80 -65 -6 -34 -13 -41 -24 -56 -77 -92 -2 -17 -60 -45 68 -28 -73
-66 -64 -71 -49 -27 -98 -59 -86 -54 -91 -7 -39 -96 -22 -50 -8 -76 -40 -18 -35 -31 -12 84 -95 -72 -44 -63 -82 -99 -58 -87 -68 -11 -43 -26 -75 -4 -36 -23 -55 -90 -79 -19 -62 -51 -83 -94 -15 -30 32 -47 -42 -5 -10 -69 -25 81 -20 -37 -52 -93 -29 -74 3 -57 -78 -89 -46 -1 -61 67 -14 -21 -16 -33 -48 -85 -38 -9 -70 -53 -97 -80 -65 -6 -34 -13 -41 -24 -56 -77 -92 -2 -17 -60 -45 -28 -73 -88 100
-32 -66 -71 -49 88 -27 -98 -59 -86 -54 -91 -7 -39 -96 -81 -22 -50 -8 -76 -40 -3 -18 -35 57 -31 -12 -95 -72 -44 -63 -82 -99 -58 -100 -87 -11 -43 -26 -4 -36 -23 -55 -90 -79 -19 -51 -83 -94 -15 -30 64 -47 -42 -5 -84 -10 -69 -25 -20 -37 -52 -93 -29 -74 -78 -89 -46 -1 -61 67 -14 -21 -16 -33 -48 -85 -38 -9 -70 -53 75 -97 -80 -65 -6 -34 -13 -41 -24 -56 -77 -92 -2 -17 -60 -45 68 -28 62 -73
-32 -66 -64 -71 -49 -27 -98 -59 -86 -54 -91 42 -7 -39 -96 -81 -22 -50 -8 -76 -40 -3 -18 -35 -31 -12 -67 -95 -72 -44 -63 -82 -99 -58 -100 -87 -68 -11 -43 -26 21 -75 -4 -36 -23 9 -55 -90 -79 -19 -62 -51 -83 -94 -15 -30 -47 -5 -84 -10 -69 -25 -20 -37 -52 -93 -29 -74 80 -57 48 -78 -89 -46 -1 -61 -14 -16 -33 -85 -38 -70 -53 -97 -65 -6 -34 -13 -41 -24 -56 -77 -92 -2 -17 -60 -45 -28 -73 -88
-66 -64 -71 -49 -27 -98 -59 -86 -54 -91 -7 -39 -96 -81 -22 37 -50 -8 -76 -40 -18 -35 -31 -12 84 -67 -95 -72 -44 -63 -82 -99 -58 -100 -87 -68 -11 -43 -26 -75 -4 -36 -23 -55 -90 -79 -19 -62 -51 -83 -94 -15 -30 32 -42 -5 -10 -69 -25 -20 -52 -93 -29 -74 3 -57 -78 -89 -46 -1 -61 -14 -21 -16 -33 -48 -85 -38 -9 -70 -53 -97 -80 -65 -6 -34 -13 -41 -24 -56 -77 -92 -2 -17 -60 47 -45 -28 -73 -88
-32 -66 -64 -71 -49 88 -27 -98 -54 -91 -7 -39 -96 -81 -22 14 -50 -8 -76 -40 -3 -18 -35 -31 -12 -67 -95 -72 -44 89 -63 -82 -99 -58 -100 -87 -68 -11 -43 -26 -75 -4 -36 -23 -55 -79 -19 -62 -51 -83 -94 -15 -30 -47 -42 -5 59 -84 -10 -69 86 -25 -20 -37 -52 -93 -29 -74 -57 -78 -46 -1 -61 -21 -16 -33 -48 -85 -38 -9 -70 -53 -97 -80 -65 -6 -34 -13 -41 -24 -56 -77 -92 -2 -17 -60 -45 -28 90 -73
-66 -64 -71 -49 -27 -98 -59 -86 -91 -7 -39 -96 -81 -22 -50 -8 -76 -40 -3 -35 -31 -12 -95 -72 -44 -63 -82 -99 -58 -100 -87 -68 -11 -43 -26 -75 -4 -36 -23 -55 -90 -79 -19 -62 -83 -94 -15 -30 32 17 -47 -42 -5 54 -84 -10 -69 -25 -20 -37 -52 -93 -29 -74 -57 -78 -89 18 -46 -1 -61 67 -14 -21 -16 -33 -48 -85 -38 -9 -70 -53 -97 -80 -65 -6 -34 -13 -41 51 -24 -56 -77 -92 -2 -60 -45 -28 -73 -88
-32 -66 -64 -71 -49 -27 -98 -59 -86 -54 -91 -7 -39 -81 -22 -50 -8 -76 -40 -3 -18 -35 -31 -95 -72 -44 -63 -82 -99 -58 -100 -87 -11 38 -43 -26 21 -75 -4 -36 -23 -55 -90 -79 96 -19 -62 -51 -83 -94 -15 -30 -47 -42 -5 12 -84 -10 -69 -25 -20 -37 -52 -93 -29 -74 -57 -78 -89 -46 -1 -61 67 -14 -16 -33 -48 -85 -9 -70 -53 -97 -80 -65 -6 -34 -13 -41 -24 -56 -77 -92 -2 -17 -60 -45 68 -28 -73 -88
-32 -66 -64 -71 -49 -27 -98 -59 -86 -91 -7 -39 -96 -81 -22 -50 -8 -76 93 -3 -35 -31 -12 -67 -95 61 -72 -44 -63 -82 -99 -58 -87 -68 -11 -43 -26 -75 -4 -36 -23 -55 -90 -79 -19 -62 -51 -83 -94 -15 -30 -47 -42 -5 54 -84 -10 -69 -25 -20 -37 -52 -29 -74 -57 -78 -89 18 -46 -1 -14 -21 -16 -33 -48 -85 -38 -9 40 -70 -53 -97 -80 -65 -6 -34 -13 -41 -24 -56 -77 -92 -2 -17 -60 -45 -28 -73 -88 100
-32 -66 -64 -71 -49 88 -27 -98 -59 -86 -54 -91 -7 -39 -96 -81 -22 -50 -8 -40 -3 -18 -35 57 -31 -12 -67 -95 -72 -44 89 -63 -82 -99 -58 -100 -87 -68 -11 -43 -26 21 -75 -4 -36 -23 -55 -90 -79 -19 -51 -83 -94 -15 -30 -47 -42 -5 -84 -10 -69 -25 -20 76 -37 -52 -93 -29 -74 -78 -46 -1 -61 -14 -16 -33 -48 -85 -38 -9 -70 -53 -97 -80 -65 -6 -34 -13 -41 -24 -56 -77 -92 -2 -17 -60 -45 -28 62 -73
-32 -66 -64 -71 -49 -27 -98 -59 -86 -91 -7 -39 -96 -81 -22 -50 -8 -3 -18 -35 -31 -12 -67 -95 61 -44 -63 -82 -99 -58 -100 -87 -68 -11 -43 -26 -75 -4 -36 -23 -55 -90 -79 -19 -62 -51 -83 -94 -15 -30 -47 -42 -5 54 -84 -10 -69 -25 -20 76 -37 -52 -93 -29 -74 -57 -78 -89 -46 -1 -14 -21 72 -16 -33 -48 -85 -38 -9 40 -70 -53 -97 -80 -65 -6 -34 -13 -41 -24 -56 -77 -92 -2 -17 -60 -45 -28 -73 -88
-66 -64 -71 -49 -27 -98 -59 -86 -91 -7 -39 -96 -81 -22 -50 -8 -76 -40 -3 -35 -31 -12 -67 -95 -72 -44 -63 -82 -99 -58 -100 -87 -68 -11 -43 -26 33 -75 -4 -36 -23 -55 -79 -19 -62 -83 -94 -15 -30 32 -47 -42 -5 54 -84 -10 -69 -25 -20 -37 -52 -93 -29 -74 -57 -78 -89 18 -46 -1 -61 -14 -21 -16 -48 -85 -38 -9 -70 -53 -97 -80 -65 -6 -34 -13 -41 51 -24 -56 -77 -92 -2 -17 -60 -45 -28 90 -73 -88
-32 -66 -64 -71 -49 -27 -98 -59 -86 -91 -7 -39 -96 -81 -22 -50 -8 93 -3 -18 -35 -31 -12 -95 61 -72 -44 -63 -82 -99 -58 -100 -87 -68 -11 -43 -26 -75 -4 -36 -23 -55 -90 -79 -19 -62 -51 -83 -94 -15 -30 -47 -42 -5 54 -84 -10 -69 -25 -20 76 -37 -52 -29 -74 -57 -78 -89 -46 -1 67 -14 -21 -16 -33 -48 -85 -38 -9 40 -70 -53 -97 -80 -65 -6 -34 -13 -41 -24 -56 -77 -92 -2 -17 -60 -45 -28 -73 -88
-66 -64 -49 -27 -98 -59 -86 -54 -91 -7 -39 -96 -81 -22 -50 -8 -76 -40 -3 -18 -35 -31 -12 -67 -72 -44 -63 -82 -99 -58 -100 -87 -68 -11 -43 33 -75 -4 -36 -23 -55 -79 -19 -62 -51 -83 -94 -15 -30 32 -47 -42 -5 71 -84 -10 -69 -25 -20 -37 -52 -93 -29 -74 -57 -78 -89 -46 -1 95 -61 -14 -21 -16 -48 -85 -38 -9 -70 26 -53 -97 -80 -65 -6 -34 -13 -41 -24 -56 -77 -92 -2 -17 -60 -45 -28 90 -73 -88
-32 -66 -71 -49 88 -27 -98 -59 -86 -54 -91 42 -7 -39 -96 -81 -22 -50 -8 -76 -40 -3 -18 -35 57 -31 -12 -95 -72 -44 -63 -82 -99 -58 -100 -87 -11 -43 -26 -4 -36 -23 -55 -90 -79 -19 -62 -51 -83 -94 -15 -30 64 -47 -5 -84 -10 -69 -25 -20 -37 -52 -93 -29 -74 -78 -89 -46 -1 -61 67 -14 -21 -16 -33 -48 -85 -38 -9 -70 -53 75 -97 -80 -65 -6 -34 -13 -41 -24 -56 -77 -92 -2 -17 -60 -45 68 -28 -73
