0
0
0
0
0
0
0
0
0
0
0
0
0
0
0
0
0
0
0
0
0
0
0
0
-32 -66 -71 -27 -98 -59 -86 -54 -91 -7 -39 -22 14 -76 -18 -12 -67 -72 -63 -99 -100 -43 -26 -75 -90 -79 -19 -51 -83 -15 -30 -47 -84 -10 -20 -37 -89 -46 -1 -16 -33 -85 -9 -70 -53 23 -65 -77 -92 -2 -17 -88
0
0
-32 -66 -71 -27 -98 -54 -91 -7 -39 -22 -50 -76 -3 -18 -12 -67 -72 -63 -99 -58 -100 -87 -11 -43 -26 -23 -90 -79 -19 -51 -83 -30 -47 -84 -10 86 -37 -89 -46 -1 -14 -16 -33 -85 -9 -70 -53 -97 -65 82 -24 -77 -92 -2 -17 15 -88
0
0
-32 -66 -71 -27 -98 -86 -54 -91 -7 -39 -22 -50 -76 -3 -18 -12 -67 -72 -63 -82 -99 -58 -100 -87 -43 -26 -23 -90 -79 -19 -51 -83 -30 -47 -84 -10 -37 -89 -46 -1 -14 11 -16 -33 -85 -9 -70 -53 -97 -65 -24 -77 -92 -2 -17 15 -73 -88
0
0
0
-32 -66 -64 -71 -49 -27 -98 -59 -86 -54 -91 -7 -39 -22 -8 -76 -18 -12 -67 -72 -63 -99 -58 -43 -26 -75 -23 -90 -79 -19 -51 -83 -15 -30 -47 -84 -10 -20 -37 -89 -46 -1 -61 -14 -16 -33 -85 -38 -9 -70 -53 -80 -65 -34 -77 -92 -2 -17 -45 -88 100
-32 -66 -64 -71 -49 -27 -98 -59 -54 -91 -7 -39 -81 -22 -8 -76 -18 -35 -67 -72 -63 -99 -58 -100 -43 -26 -75 -23 -79 -19 -62 -83 -94 -15 -30 -47 -84 -10 -69 -20 -89 -46 -61 -16 -33 -48 -85 -38 -9 -70 -53 -80 -65 -34 -92 -2 -17 -45 90 -88
-32 -66 -71 -27 -98 -86 -54 -91 -7 -39 -22 -50 -76 -3 -18 -12 -67 -72 -63 -82 -99 -58 -100 -87 -11 -43 -26 97 -23 -90 -79 -19 -51 73 -83 -30 -47 -84 -10 -37 -89 -46 -1 -14 -16 -33 -85 -9 -70 -53 -65 -24 -77 -92 -2 -17 15 -88
-32 -66 -71 -27 -98 -54 -7 -39 -22 -50 -76 -3 -18 -12 -67 -72 -63 -82 -99 -58 -100 -87 -43 -26 -23 -90 -79 -19 -83 -15 -30 64 -47 -84 -10 -69 81 -37 91 -89 -46 -1 -14 11 -16 -33 -9 -70 -53 -65 -24 -92 -2 -17 -73 -88
-32 -66 -64 -71 -49 -27 -98 -59 -54 -91 -7 -39 -22 -8 -76 -18 -67 -72 -63 -99 -100 -43 -26 -75 -23 -90 -79 -19 -51 -83 -15 -30 -47 12 -84 -10 -20 -37 -89 -46 -61 -16 -33 -85 -38 -9 -70 -53 -80 58 -65 -92 -2 -17 -45 -88
-32 -66 -71 -27 -98 -86 -54 -91 -7 -39 -22 -50 -76 -3 -18 -12 -67 -72 -63 -82 -99 -100 -87 -11 -43 -26 97 -90 -79 -19 -51 -83 -30 -47 -84 -10 -37 -89 -46 -1 -14 -16 -33 -85 -9 -70 -53 58 -65 -24 -77 -92 -2 -17 15 -73 -88
0
